1,0,307.74,483.60,-296.99,-464.00,0.37,-1,-1,-1
1,0,313.94,389.63,-284.06,-354.27,0.10,-1,-1,-1
1,0,148.42,523.21,-144.43,-517.00,0.12,-1,-1,-1
1,0,186.36,328.55,-174.76,-311.73,0.14,-1,-1,-1

2,0,306.84,486.19,-295.65,-464.33,0.27,-1,-1,-1
2,0,432.22,831.16,-415.96,-809.75,0.17,-1,-1,-1
2,0,175.15,369.27,-155.07,-352.84,0.13,-1,-1,-1
2,0,314.10,389.70,-284.79,-355.90,0.11,-1,-1,-1
2,0,204.67,629.77,-199.39,-622.46,0.10,-1,-1,-1

3,0,430.94,839.74,-412.43,-820.70,0.24,-1,-1,-1
3,0,306.47,489.55,-293.70,-467.10,0.25,-1,-1,-1
3,0,175.36,370.30,-154.97,-353.33,0.13,-1,-1,-1
3,0,315.24,389.76,-289.50,-366.01,0.12,-1,-1,-1
3,0,100.67,206.50,-89.12,-191.23,0.11,-1,-1,-1
3,0,463.29,393.93,-452.97,-384.12,0.14,-1,-1,-1

4,0,172.86,370.99,-150.36,-353.31,0.13,-1,-1,-1
4,0,305.85,493.64,-293.97,-470.40,0.13,-1,-1,-1
4,0,427.97,844.67,-409.45,-834.10,0.12,-1,-1,-1
4,0,463.82,397.26,-451.32,-387.81,0.13,-1,-1,-1
4,0,460.66,825.11,-456.47,-816.06,0.10,-1,-1,-1

5,0,305.44,499.02,-295.46,-478.71,0.14,-1,-1,-1
5,0,170.85,372.72,-153.60,-357.23,0.13,-1,-1,-1
5,0,185.33,783.66,-180.49,-776.23,0.10,-1,-1,-1
5,0,462.37,177.00,-458.34,-170.15,0.11,-1,-1,-1

6,0,306.19,502.22,-294.80,-478.29,0.18,-1,-1,-1
6,0,399.76,370.99,-374.89,-353.54,0.16,-1,-1,-1
6,0,241.45,228.29,-234.62,-219.28,0.11,-1,-1,-1
6,0,419.24,144.73,-408.91,-135.45,0.13,-1,-1,-1
6,0,158.57,329.94,-144.60,-316.71,0.11,-1,-1,-1
6,0,183.28,793.20,-178.51,-785.03,0.17,-1,-1,-1
6,0,474.17,735.80,-466.35,-719.79,0.11,-1,-1,-1

7,0,306.37,505.71,-294.15,-480.54,0.19,-1,-1,-1
7,0,243.11,228.89,-236.40,-219.86,0.11,-1,-1,-1
7,0,324.56,225.09,-315.11,-216.29,0.12,-1,-1,-1
7,0,462.78,504.42,-431.84,-440.52,0.11,-1,-1,-1
7,0,224.15,352.16,-190.29,-326.04,0.12,-1,-1,-1
7,0,185.86,336.97,-178.69,-324.36,0.12,-1,-1,-1
7,0,315.85,403.23,-284.72,-370.33,0.12,-1,-1,-1
7,0,308.49,392.43,-292.42,-375.67,0.12,-1,-1,-1
7,0,474.97,744.48,-468.69,-725.13,0.13,-1,-1,-1
7,0,475.16,744.49,-469.58,-728.84,0.11,-1,-1,-1
7,0,185.86,337.08,-178.06,-322.89,0.12,-1,-1,-1

8,0,244.27,229.06,-235.01,-219.02,0.15,-1,-1,-1
8,0,424.86,145.08,-410.47,-134.38,0.12,-1,-1,-1
8,0,307.45,509.92,-292.18,-488.20,0.33,-1,-1,-1
8,0,143.60,830.26,-123.05,-789.52,0.14,-1,-1,-1
8,0,313.95,395.83,-290.27,-377.13,0.15,-1,-1,-1
8,0,174.21,187.24,-162.72,-179.11,0.11,-1,-1,-1
8,0,475.38,750.70,-469.63,-734.29,0.11,-1,-1,-1
8,0,473.76,278.14,-464.90,-267.15,0.15,-1,-1,-1
8,0,310.50,395.05,-294.20,-378.44,0.12,-1,-1,-1
8,0,317.49,398.77,-288.34,-379.34,0.11,-1,-1,-1

9,0,247.57,228.81,-238.90,-219.60,0.14,-1,-1,-1
9,0,430.54,144.37,-413.17,-132.69,0.15,-1,-1,-1
9,0,309.21,515.14,-296.13,-493.09,0.19,-1,-1,-1
9,0,28.64,135.09,-9.17,-121.98,0.13,-1,-1,-1
9,0,231.24,31.25,-219.43,-21.63,0.14,-1,-1,-1
9,0,179.00,186.93,-162.60,-175.61,0.13,-1,-1,-1
9,0,376.64,689.30,-369.15,-677.53,0.12,-1,-1,-1
9,0,228.53,32.67,-212.32,-23.16,0.13,-1,-1,-1

10,0,311.72,520.20,-299.26,-494.82,0.24,-1,-1,-1
10,0,434.65,144.55,-421.33,-134.20,0.11,-1,-1,-1
10,0,413.25,368.27,-399.54,-357.08,0.17,-1,-1,-1
10,0,301.24,200.18,-294.48,-191.69,0.11,-1,-1,-1
10,0,250.12,229.56,-242.46,-220.10,0.12,-1,-1,-1
10,0,162.46,407.69,-153.72,-396.34,0.14,-1,-1,-1
10,0,475.76,28.90,-470.64,0.48,0.11,-1,-1,-1

11,0,314.95,523.68,-302.14,-494.51,0.55,-1,-1,-1
11,0,298.27,228.11,-290.24,-219.65,0.13,-1,-1,-1
11,0,439.22,144.24,-424.51,-133.63,0.10,-1,-1,-1
11,0,252.96,230.21,-245.18,-221.16,0.11,-1,-1,-1
11,0,470.23,557.04,-461.73,-543.81,0.11,-1,-1,-1
11,0,298.35,228.08,-289.94,-218.58,0.15,-1,-1,-1

12,0,317.10,529.21,-303.88,-501.08,0.53,-1,-1,-1
12,0,443.89,144.29,-430.06,-133.56,0.23,-1,-1,-1
12,0,255.41,230.36,-249.74,-221.35,0.12,-1,-1,-1
12,0,65.50,115.26,-55.61,-107.44,0.10,-1,-1,-1
12,0,297.54,30.71,-281.48,-18.68,0.11,-1,-1,-1
12,0,384.85,714.46,-377.90,-702.42,0.10,-1,-1,-1

13,0,447.31,144.35,-435.68,-134.70,0.17,-1,-1,-1
13,0,318.71,534.64,-305.77,-506.93,0.31,-1,-1,-1
13,0,257.48,230.63,-250.49,-221.78,0.12,-1,-1,-1
13,0,421.43,392.07,-403.02,-377.96,0.15,-1,-1,-1
13,0,103.71,160.76,-93.18,-150.42,0.13,-1,-1,-1
13,0,386.64,723.69,-379.22,-710.23,0.12,-1,-1,-1

14,0,319.41,539.50,-307.62,-511.16,0.36,-1,-1,-1
14,0,258.24,229.99,-251.57,-221.03,0.13,-1,-1,-1
14,0,106.25,156.58,-89.74,-142.35,0.11,-1,-1,-1
14,0,360.69,57.51,-351.69,-49.37,0.14,-1,-1,-1
14,0,453.36,144.16,-439.50,-133.74,0.15,-1,-1,-1
14,0,128.16,35.91,-117.47,-27.00,0.12,-1,-1,-1
14,0,44.25,29.61,-33.76,-18.10,0.17,-1,-1,-1
14,0,104.62,157.91,-92.10,-146.78,0.16,-1,-1,-1
14,0,45.62,29.94,-31.08,-16.34,0.14,-1,-1,-1
14,0,475.15,302.38,-468.93,-284.75,0.10,-1,-1,-1

15,0,319.98,542.19,-307.82,-514.44,0.57,-1,-1,-1
15,0,259.56,229.69,-251.69,-220.16,0.20,-1,-1,-1
15,0,454.74,143.84,-442.40,-133.74,0.24,-1,-1,-1
15,0,26.73,124.22,-16.55,-114.67,0.13,-1,-1,-1
15,0,134.57,139.45,-128.85,-131.10,0.12,-1,-1,-1
15,0,282.73,169.73,-276.64,-161.53,0.12,-1,-1,-1
15,0,283.39,171.48,-276.83,-163.00,0.13,-1,-1,-1
15,0,42.16,27.29,-33.03,-17.08,0.15,-1,-1,-1
15,0,259.67,229.85,-251.41,-220.01,0.11,-1,-1,-1
15,0,41.75,29.06,-31.72,-21.62,0.11,-1,-1,-1

16,0,320.72,546.24,-307.89,-517.18,0.35,-1,-1,-1
16,0,260.25,228.60,-254.21,-219.63,0.12,-1,-1,-1
16,0,457.88,140.50,-445.86,-129.22,0.14,-1,-1,-1

17,0,320.94,548.26,-307.24,-519.16,0.15,-1,-1,-1
17,0,389.51,56.27,-384.75,-48.65,0.13,-1,-1,-1

18,0,321.03,549.80,-305.84,-520.35,0.34,-1,-1,-1
18,0,466.46,133.50,-446.15,-114.60,0.17,-1,-1,-1
18,0,326.66,416.49,-308.79,-397.67,0.11,-1,-1,-1

19,0,321.67,550.54,-305.64,-521.18,0.45,-1,-1,-1
19,0,469.09,130.22,-453.46,-112.42,0.14,-1,-1,-1
19,0,327.78,414.82,-309.89,-396.29,0.10,-1,-1,-1
19,0,263.48,219.01,-258.01,-209.23,0.10,-1,-1,-1
19,0,38.99,3.43,-27.42,3.51,0.10,-1,-1,-1

20,0,322.29,551.15,-306.24,-520.60,0.53,-1,-1,-1
20,0,471.07,125.24,-458.42,-111.23,0.11,-1,-1,-1

21,0,323.23,549.67,-306.49,-517.48,0.42,-1,-1,-1
21,0,473.50,119.59,-464.00,-107.09,0.10,-1,-1,-1
21,0,378.94,23.66,-371.50,-14.77,0.10,-1,-1,-1

22,0,323.38,548.61,-306.77,-515.71,0.37,-1,-1,-1
22,0,267.22,201.51,-262.89,-192.63,0.17,-1,-1,-1
22,0,434.11,96.44,-426.53,-87.28,0.10,-1,-1,-1

23,0,323.11,546.34,-306.98,-511.99,0.24,-1,-1,-1

24,0,322.37,541.79,-307.83,-510.69,0.56,-1,-1,-1
24,0,331.61,397.07,-313.55,-378.38,0.16,-1,-1,-1
24,0,391.28,768.64,-382.07,-754.26,0.16,-1,-1,-1
24,0,440.90,191.83,-430.16,-181.43,0.11,-1,-1,-1

25,0,322.82,536.04,-306.17,-503.91,0.30,-1,-1,-1
25,0,339.22,394.77,-308.33,-368.50,0.19,-1,-1,-1
25,0,266.89,177.08,-262.59,-167.85,0.15,-1,-1,-1
25,0,391.63,766.85,-382.35,-752.13,0.14,-1,-1,-1

26,0,322.21,531.21,-305.95,-495.96,0.53,-1,-1,-1
26,0,446.37,169.79,-436.19,-159.36,0.10,-1,-1,-1
26,0,317.10,563.42,-312.19,-555.95,0.15,-1,-1,-1
26,0,391.41,763.97,-382.22,-748.96,0.12,-1,-1,-1

27,0,321.83,525.90,-305.06,-493.44,0.17,-1,-1,-1
27,0,316.71,557.58,-312.17,-548.99,0.13,-1,-1,-1

28,0,321.83,518.31,-304.90,-485.46,0.35,-1,-1,-1
28,0,392.40,757.37,-383.26,-742.59,0.16,-1,-1,-1

29,0,321.99,512.20,-304.28,-475.49,0.31,-1,-1,-1
29,0,394.19,753.24,-384.41,-737.88,0.19,-1,-1,-1
29,0,317.60,544.28,-312.71,-536.22,0.13,-1,-1,-1

30,0,322.12,504.05,-305.81,-469.20,0.15,-1,-1,-1
30,0,316.83,537.24,-312.58,-528.57,0.20,-1,-1,-1

31,0,316.84,531.16,-312.72,-522.74,0.22,-1,-1,-1
31,0,322.34,495.19,-305.81,-462.04,0.14,-1,-1,-1
31,0,295.25,795.92,-291.11,-789.02,0.12,-1,-1,-1
31,0,30.15,816.71,-25.33,-806.85,0.10,-1,-1,-1

32,0,323.38,485.52,-304.22,-449.20,0.44,-1,-1,-1
32,0,296.54,790.08,-291.70,-781.85,0.13,-1,-1,-1
32,0,317.91,520.65,-313.51,-513.31,0.15,-1,-1,-1

33,0,325.21,475.64,-308.85,-441.26,0.19,-1,-1,-1
33,0,320.48,511.48,-314.76,-500.66,0.11,-1,-1,-1
33,0,304.58,829.24,-300.48,-820.10,0.12,-1,-1,-1
33,0,47.24,25.57,42.62,22.73,0.12,-1,-1,-1
33,0,43.94,20.93,48.24,17.81,0.10,-1,-1,-1

34,0,327.94,465.29,-306.84,-428.89,0.50,-1,-1,-1
34,0,323.51,499.28,-316.99,-490.12,0.10,-1,-1,-1
34,0,341.42,728.74,-336.64,-719.32,0.10,-1,-1,-1

35,0,333.10,453.11,-314.82,-418.34,0.47,-1,-1,-1
35,0,465.81,415.49,-440.72,-354.18,0.11,-1,-1,-1
35,0,307.84,769.97,-303.21,-761.94,0.19,-1,-1,-1
35,0,352.97,287.22,-309.60,-254.13,0.14,-1,-1,-1
35,0,177.98,205.55,-170.54,-182.67,0.11,-1,-1,-1
35,0,27.12,795.90,-21.50,-786.87,0.11,-1,-1,-1

36,0,336.99,443.45,-317.34,-405.43,0.62,-1,-1,-1
36,0,433.23,12.52,-389.19,10.88,0.14,-1,-1,-1
36,0,176.86,189.77,-167.65,-169.44,0.11,-1,-1,-1

37,0,340.91,433.12,-321.77,-396.83,0.61,-1,-1,-1
37,0,177.16,183.16,-167.63,-152.24,0.12,-1,-1,-1

38,0,345.84,423.03,-325.95,-383.62,0.61,-1,-1,-1

39,3,348.62,415.79,-328.39,-375.69,0.67,-1,-1,-1

40,3,351.23,407.59,-331.45,-368.47,0.61,-1,-1,-1

41,3,352.59,397.62,-332.01,-357.00,0.60,-1,-1,-1

42,3,353.78,387.16,-333.90,-348.03,0.50,-1,-1,-1

43,3,353.45,376.97,-332.18,-335.08,0.68,-1,-1,-1

44,3,352.58,366.30,-331.90,-325.71,0.63,-1,-1,-1

45,3,350.90,356.31,-328.88,-313.00,0.74,-1,-1,-1

46,3,348.22,345.70,-326.02,-301.90,0.63,-1,-1,-1

47,3,343.44,336.55,-320.86,-291.73,0.75,-1,-1,-1

48,3,338.35,327.97,-315.35,-282.07,0.75,-1,-1,-1

49,3,332.56,318.80,-310.36,-274.97,0.71,-1,-1,-1

50,3,326.07,313.56,-303.45,-269.21,0.66,-1,-1,-1

51,3,316.96,308.98,-293.79,-263.60,0.70,-1,-1,-1

52,3,306.60,306.13,-283.48,-260.95,0.73,-1,-1,-1

53,0,292.39,308.96,-269.56,-262.42,0.72,-1,-1,-1
53,0,262.04,120.38,-232.15,-93.70,0.11,-1,-1,-1
53,0,474.72,590.56,-467.82,-545.82,0.13,-1,-1,-1
53,0,404.10,26.74,-384.61,-11.68,0.17,-1,-1,-1
53,0,296.37,352.78,-287.49,-342.00,0.11,-1,-1,-1

54,0,282.05,312.25,-255.85,-264.82,0.69,-1,-1,-1
54,0,286.83,357.64,-277.38,-346.12,0.10,-1,-1,-1
54,0,389.69,27.65,-373.32,-12.51,0.10,-1,-1,-1
54,0,409.27,176.60,-376.18,-153.44,0.11,-1,-1,-1

55,0,273.28,316.65,-248.41,-268.89,0.60,-1,-1,-1
55,0,238.33,134.84,-207.40,-106.43,0.11,-1,-1,-1

56,0,262.97,326.40,-238.49,-279.89,0.72,-1,-1,-1
56,0,394.79,166.46,-357.91,-147.79,0.15,-1,-1,-1
56,0,225.68,141.80,-194.58,-115.31,0.10,-1,-1,-1
56,0,389.97,175.87,-348.82,-147.97,0.11,-1,-1,-1
56,0,457.71,601.12,-439.13,-570.09,0.12,-1,-1,-1

57,0,254.09,334.57,-229.82,-288.53,0.76,-1,-1,-1
57,0,409.10,838.82,-398.34,-820.88,0.10,-1,-1,-1
57,0,385.71,173.78,-351.88,-150.31,0.12,-1,-1,-1

58,0,245.65,343.02,-221.55,-298.17,0.68,-1,-1,-1
58,0,373.78,180.54,-341.99,-157.55,0.12,-1,-1,-1
58,0,370.82,182.85,-332.67,-154.27,0.11,-1,-1,-1

59,0,237.88,350.88,-213.48,-306.23,0.42,-1,-1,-1

60,0,229.52,358.12,-204.91,-314.85,0.71,-1,-1,-1
60,0,307.31,67.58,-288.53,-54.62,0.14,-1,-1,-1
60,0,316.21,60.79,-275.34,-32.35,0.10,-1,-1,-1

61,0,221.42,365.91,-196.53,-321.73,0.63,-1,-1,-1
61,0,295.20,73.60,-278.59,-62.59,0.13,-1,-1,-1
61,0,470.52,125.92,-458.55,-113.39,0.10,-1,-1,-1

62,0,214.71,371.79,-190.11,-326.41,0.49,-1,-1,-1
62,0,156.23,32.26,-29.27,30.01,0.17,-1,-1,-1

63,0,205.39,379.11,-181.06,-334.41,0.66,-1,-1,-1
63,0,445.41,300.08,-433.91,-289.34,0.15,-1,-1,-1
63,0,444.58,133.52,-432.43,-122.17,0.13,-1,-1,-1

64,0,195.59,383.24,-172.76,-339.21,0.69,-1,-1,-1

65,0,187.06,387.89,-161.23,-340.69,0.64,-1,-1,-1
65,0,254.22,87.80,-229.06,-72.99,0.10,-1,-1,-1
65,0,251.04,87.90,-233.32,-73.44,0.14,-1,-1,-1
65,0,262.27,80.98,-221.88,-52.14,0.10,-1,-1,-1
65,0,262.90,79.14,-221.43,-44.05,0.11,-1,-1,-1
65,0,449.70,169.18,-393.01,-56.57,0.10,-1,-1,-1

66,0,177.69,389.33,-151.87,-342.00,0.57,-1,-1,-1
66,0,240.16,87.89,-222.08,-74.04,0.10,-1,-1,-1

67,0,168.55,390.89,-143.66,-345.06,0.65,-1,-1,-1
67,0,240.56,79.49,-197.46,-49.78,0.18,-1,-1,-1
67,0,232.16,85.94,-205.71,-70.63,0.18,-1,-1,-1
67,0,229.19,86.86,-209.94,-71.80,0.13,-1,-1,-1
67,0,230.71,85.38,-204.10,-69.08,0.12,-1,-1,-1
67,0,240.31,80.19,-199.18,-54.62,0.11,-1,-1,-1

68,15,161.73,390.97,-136.65,-344.77,0.67,-1,-1,-1

69,0,152.79,389.97,-130.46,-343.36,0.49,-1,-1,-1
69,0,384.74,112.43,-373.70,-99.28,0.12,-1,-1,-1
69,0,102.31,208.74,-76.91,-182.75,0.11,-1,-1,-1

70,0,146.09,388.00,-123.60,-340.24,0.65,-1,-1,-1
70,0,2.74,330.87,1.46,-322.51,0.13,-1,-1,-1

71,16,142.41,386.46,-120.39,-339.70,0.63,-1,-1,-1

72,16,138.24,385.83,-115.91,-338.44,0.70,-1,-1,-1

73,16,133.76,383.72,-110.87,-335.19,0.70,-1,-1,-1

74,16,129.49,382.20,-106.99,-334.55,0.53,-1,-1,-1

75,16,126.66,381.70,-104.96,-335.81,0.57,-1,-1,-1

76,16,125.29,381.11,-103.38,-334.89,0.68,-1,-1,-1

77,16,124.65,379.86,-102.87,-333.94,0.71,-1,-1,-1

78,16,124.34,377.46,-101.79,-329.85,0.71,-1,-1,-1

79,16,124.36,374.13,-101.50,-325.83,0.66,-1,-1,-1

80,16,125.69,370.59,-102.72,-322.14,0.54,-1,-1,-1

81,16,127.61,365.64,-104.40,-316.77,0.38,-1,-1,-1

82,16,129.06,360.56,-106.41,-313.04,0.45,-1,-1,-1

83,16,131.15,356.73,-108.32,-308.79,0.72,-1,-1,-1

84,16,133.28,354.27,-110.23,-305.77,0.76,-1,-1,-1

85,16,135.53,351.72,-112.51,-303.25,0.74,-1,-1,-1

86,16,138.29,349.48,-115.69,-301.99,0.67,-1,-1,-1

87,16,141.37,347.10,-118.23,-298.51,0.72,-1,-1,-1

88,16,143.61,344.37,-119.83,-294.30,0.77,-1,-1,-1

89,16,145.42,342.73,-121.98,-293.32,0.75,-1,-1,-1

90,16,146.93,341.76,-122.78,-290.60,0.75,-1,-1,-1

91,16,147.95,341.45,-123.81,-290.14,0.75,-1,-1,-1

92,16,148.82,341.25,-124.84,-290.27,0.77,-1,-1,-1

93,16,149.57,340.71,-125.82,-290.36,0.75,-1,-1,-1

94,16,150.40,339.92,-127.22,-291.13,0.66,-1,-1,-1

95,16,150.91,339.07,-128.21,-291.42,0.46,-1,-1,-1

96,16,151.58,338.48,-128.86,-290.88,0.48,-1,-1,-1

97,16,153.16,338.47,-129.87,-289.92,0.57,-1,-1,-1

98,16,154.60,338.42,-131.01,-289.49,0.59,-1,-1,-1

99,16,155.67,338.26,-131.91,-289.07,0.60,-1,-1,-1

100,16,156.38,338.02,-132.71,-288.88,0.51,-1,-1,-1

101,16,157.18,337.70,-133.86,-289.07,0.65,-1,-1,-1

102,16,157.68,337.43,-134.68,-289.39,0.66,-1,-1,-1

103,16,158.26,336.93,-135.46,-289.24,0.67,-1,-1,-1

104,16,159.09,336.49,-135.83,-287.91,0.74,-1,-1,-1

105,16,159.77,336.09,-136.28,-287.15,0.75,-1,-1,-1

106,16,160.53,336.01,-136.93,-286.87,0.73,-1,-1,-1

107,16,161.51,336.85,-138.93,-289.83,0.70,-1,-1,-1

108,16,162.66,337.43,-140.45,-291.28,0.43,-1,-1,-1

109,16,163.53,337.34,-141.15,-290.94,0.42,-1,-1,-1

110,16,164.44,338.23,-141.60,-290.98,0.52,-1,-1,-1

111,16,165.02,338.81,-141.98,-291.39,0.52,-1,-1,-1

112,16,165.02,339.41,-142.05,-292.24,0.53,-1,-1,-1

113,16,164.72,339.92,-141.59,-292.50,0.49,-1,-1,-1

114,16,164.08,340.70,-140.77,-292.85,0.66,-1,-1,-1

115,16,163.36,342.07,-139.24,-292.40,0.74,-1,-1,-1

116,16,162.74,343.64,-137.86,-292.30,0.77,-1,-1,-1

117,16,162.37,344.88,-137.46,-293.30,0.79,-1,-1,-1

118,16,162.10,345.94,-137.12,-294.05,0.79,-1,-1,-1

119,16,161.51,346.28,-136.45,-294.03,0.79,-1,-1,-1

120,16,160.77,346.16,-135.68,-293.60,0.79,-1,-1,-1

121,16,159.82,345.24,-134.69,-292.21,0.79,-1,-1,-1

122,16,158.37,344.14,-133.70,-291.77,0.78,-1,-1,-1

123,16,156.77,342.85,-132.83,-291.95,0.73,-1,-1,-1

124,16,155.44,341.67,-132.10,-292.27,0.63,-1,-1,-1

125,16,153.85,340.34,-130.58,-291.35,0.52,-1,-1,-1

126,16,152.27,338.77,-129.46,-291.05,0.38,-1,-1,-1

127,16,151.16,337.92,-128.54,-290.93,0.52,-1,-1,-1

128,16,150.59,337.51,-127.83,-290.45,0.56,-1,-1,-1

129,16,149.93,337.84,-127.20,-291.00,0.60,-1,-1,-1

130,16,148.43,338.83,-125.03,-290.51,0.61,-1,-1,-1

131,16,146.80,339.32,-123.48,-291.09,0.56,-1,-1,-1

132,16,145.23,339.45,-121.77,-290.92,0.72,-1,-1,-1

133,16,144.25,340.58,-120.98,-292.25,0.55,-1,-1,-1

134,16,143.97,341.70,-120.04,-291.72,0.73,-1,-1,-1

135,16,143.53,342.84,-119.54,-292.54,0.76,-1,-1,-1

136,16,142.97,343.94,-118.42,-292.26,0.74,-1,-1,-1

137,16,142.52,345.33,-118.31,-294.32,0.69,-1,-1,-1

138,16,142.06,346.59,-118.22,-296.37,0.61,-1,-1,-1

139,16,141.27,348.35,-117.98,-299.56,0.49,-1,-1,-1

140,16,139.79,350.52,-116.48,-302.05,0.53,-1,-1,-1

141,16,139.86,352.13,-115.95,-303.56,0.59,-1,-1,-1

142,16,139.62,355.53,-115.75,-308.24,0.60,-1,-1,-1

143,16,139.74,360.72,-115.32,-313.42,0.68,-1,-1,-1

144,16,139.75,368.61,-114.65,-320.74,0.69,-1,-1,-1

145,16,139.78,376.45,-116.38,-332.13,0.41,-1,-1,-1

146,16,141.53,384.00,-118.43,-340.25,0.36,-1,-1,-1

147,16,144.00,390.03,-121.16,-346.57,0.68,-1,-1,-1

148,16,146.52,394.83,-123.38,-350.25,0.56,-1,-1,-1

149,16,151.47,398.71,-127.93,-352.71,0.52,-1,-1,-1

150,16,156.36,402.40,-133.54,-357.71,0.73,-1,-1,-1

151,16,160.31,405.60,-138.21,-362.28,0.73,-1,-1,-1

152,16,164.56,410.36,-142.94,-367.35,0.63,-1,-1,-1

153,16,169.68,413.07,-148.55,-372.03,0.60,-1,-1,-1

154,16,177.73,413.24,-156.26,-372.58,0.68,-1,-1,-1

155,0,192.22,411.84,-165.97,-371.00,0.52,-1,-1,-1
155,0,311.73,284.13,-279.44,-257.69,0.12,-1,-1,-1
155,0,311.64,283.72,-278.77,-257.21,0.30,-1,-1,-1
155,0,196.54,452.83,-185.06,-443.40,0.12,-1,-1,-1
155,0,160.58,736.13,-153.85,-727.93,0.10,-1,-1,-1

156,0,200.85,411.76,-174.06,-370.87,0.55,-1,-1,-1
156,0,318.50,285.91,-285.80,-265.83,0.27,-1,-1,-1
156,0,434.41,53.03,-354.49,48.51,0.13,-1,-1,-1
156,0,455.42,372.43,-440.34,-360.19,0.12,-1,-1,-1
156,0,451.60,301.45,-399.06,-213.94,0.11,-1,-1,-1
156,0,205.86,452.40,-195.80,-442.26,0.10,-1,-1,-1
156,0,436.46,58.43,-357.60,49.48,0.13,-1,-1,-1

157,0,207.71,411.27,-184.89,-371.67,0.62,-1,-1,-1
157,0,326.38,282.69,-296.27,-260.79,0.35,-1,-1,-1
157,0,436.90,53.93,-365.46,47.05,0.19,-1,-1,-1
157,0,212.75,451.72,-202.94,-441.53,0.11,-1,-1,-1
157,0,318.03,293.94,-285.19,-271.65,0.12,-1,-1,-1

158,0,219.53,448.37,-213.55,-438.25,0.41,-1,-1,-1
158,0,214.04,409.20,-197.58,-366.45,0.32,-1,-1,-1
158,0,456.74,301.89,-413.93,-222.37,0.13,-1,-1,-1
158,0,273.01,713.26,-268.22,-703.90,0.12,-1,-1,-1
158,0,439.63,51.58,-367.84,48.69,0.10,-1,-1,-1

159,0,219.04,403.16,-199.98,-359.58,0.60,-1,-1,-1
159,0,223.60,445.24,-217.71,-435.48,0.28,-1,-1,-1
159,0,442.45,54.48,-374.48,51.74,0.15,-1,-1,-1
159,0,443.34,53.71,-377.60,52.67,0.11,-1,-1,-1

160,18,221.81,400.65,-202.60,-356.72,0.56,-1,-1,-1

161,18,224.45,396.78,-205.17,-352.61,0.27,-1,-1,-1

162,18,227.51,391.92,-209.36,-350.40,0.52,-1,-1,-1

163,18,230.73,388.62,-214.30,-351.18,0.73,-1,-1,-1

164,18,235.31,386.07,-218.91,-348.79,0.64,-1,-1,-1

165,18,239.59,385.65,-223.44,-349.11,0.66,-1,-1,-1

166,18,244.99,386.56,-229.13,-350.98,0.54,-1,-1,-1

167,18,250.38,387.91,-233.92,-351.26,0.60,-1,-1,-1

168,18,255.34,389.20,-238.95,-353.08,0.70,-1,-1,-1

169,18,260.02,390.64,-242.52,-352.21,0.56,-1,-1,-1

170,18,263.25,391.51,-245.55,-352.96,0.59,-1,-1,-1

171,18,265.04,391.92,-247.09,-353.30,0.59,-1,-1,-1

172,18,266.02,391.91,-247.91,-353.21,0.57,-1,-1,-1

173,18,265.14,392.57,-247.20,-354.35,0.59,-1,-1,-1

174,0,259.65,394.64,-242.25,-359.88,0.52,-1,-1,-1
174,0,474.63,372.24,-467.51,-358.26,0.11,-1,-1,-1
174,0,337.84,846.99,-327.79,-840.36,0.10,-1,-1,-1
174,0,87.17,44.32,-78.26,-32.93,0.12,-1,-1,-1
174,0,451.55,68.28,-399.17,62.93,0.13,-1,-1,-1

175,0,255.29,396.94,-238.13,-359.91,0.54,-1,-1,-1
175,0,469.22,372.08,-459.76,-360.91,0.14,-1,-1,-1
175,0,463.72,238.85,-433.57,-202.77,0.11,-1,-1,-1

176,0,251.81,396.82,-234.18,-360.49,0.48,-1,-1,-1
176,0,27.52,277.49,-9.05,-257.58,0.15,-1,-1,-1
176,0,462.85,372.64,-453.77,-362.15,0.16,-1,-1,-1
176,0,257.42,430.86,-249.26,-422.30,0.13,-1,-1,-1

177,0,246.39,397.48,-229.25,-362.71,0.31,-1,-1,-1
177,0,65.84,53.25,-55.47,-41.00,0.16,-1,-1,-1
177,0,29.62,220.79,-19.33,-207.68,0.11,-1,-1,-1
177,0,455.98,371.06,-447.87,-359.29,0.11,-1,-1,-1
177,0,250.35,154.85,-235.14,-142.65,0.10,-1,-1,-1

178,0,241.09,396.84,-223.45,-362.71,0.49,-1,-1,-1
178,0,305.05,182.93,-292.87,-173.52,0.14,-1,-1,-1
178,0,57.85,55.42,-44.36,-42.09,0.15,-1,-1,-1
178,0,198.53,243.12,-172.12,-222.74,0.13,-1,-1,-1
178,0,21.80,220.58,-11.25,-207.45,0.11,-1,-1,-1
178,0,469.09,180.44,-456.55,-168.92,0.11,-1,-1,-1
178,0,451.46,305.85,-398.42,-213.52,0.12,-1,-1,-1
178,0,449.30,367.93,-434.98,-354.90,0.11,-1,-1,-1
178,0,247.74,431.47,-240.26,-422.39,0.10,-1,-1,-1
178,0,451.24,307.42,-397.44,-223.38,0.11,-1,-1,-1

179,0,235.41,397.09,-218.96,-364.97,0.53,-1,-1,-1
179,0,191.26,244.11,-160.53,-220.72,0.14,-1,-1,-1
179,0,48.74,59.82,-35.49,-46.20,0.20,-1,-1,-1
179,0,458.99,182.79,-448.20,-173.31,0.15,-1,-1,-1
179,0,447.46,306.46,-385.65,-218.19,0.14,-1,-1,-1
179,0,423.94,235.66,-402.95,-214.56,0.12,-1,-1,-1
179,0,442.95,9.61,-381.84,12.51,0.10,-1,-1,-1
179,0,13.93,284.62,7.96,-261.74,0.13,-1,-1,-1

180,0,229.86,397.18,-212.14,-363.08,0.65,-1,-1,-1
180,0,39.82,63.77,-28.94,-50.01,0.22,-1,-1,-1
180,0,288.68,185.42,-274.15,-175.32,0.15,-1,-1,-1
180,0,447.98,183.36,-435.31,-172.24,0.13,-1,-1,-1
180,0,423.04,794.07,-417.45,-783.22,0.11,-1,-1,-1

181,0,225.02,397.48,-208.48,-365.37,0.40,-1,-1,-1
181,0,31.51,68.08,-20.27,-54.69,0.20,-1,-1,-1
181,0,7.69,266.41,7.33,-202.84,0.11,-1,-1,-1
181,0,339.42,22.91,-322.00,-14.50,0.10,-1,-1,-1
181,0,340.02,22.96,-324.08,-13.08,0.12,-1,-1,-1

182,0,219.36,397.36,-202.08,-365.54,0.60,-1,-1,-1
182,0,25.43,70.31,-9.06,-55.25,0.17,-1,-1,-1
182,0,460.16,385.31,-447.85,-376.35,0.14,-1,-1,-1
182,0,460.65,390.56,-449.37,-381.53,0.13,-1,-1,-1
182,0,23.19,70.52,-10.96,-56.55,0.11,-1,-1,-1
182,0,419.07,361.89,-403.88,-349.36,0.12,-1,-1,-1

183,0,214.98,393.53,-197.00,-358.53,0.68,-1,-1,-1
183,0,14.34,73.25,-3.54,-59.14,0.18,-1,-1,-1
183,0,425.69,293.04,-345.58,-223.98,0.23,-1,-1,-1
183,0,173.82,277.92,-119.49,-199.39,0.14,-1,-1,-1
183,0,317.54,22.98,-303.86,-13.02,0.12,-1,-1,-1
183,0,424.87,293.04,-343.76,-223.47,0.24,-1,-1,-1

184,20,210.65,393.49,-193.90,-360.89,0.71,-1,-1,-1

185,20,206.09,391.76,-189.44,-359.36,0.62,-1,-1,-1

186,20,200.86,391.29,-184.34,-359.09,0.57,-1,-1,-1

187,20,195.79,391.25,-178.71,-357.98,0.64,-1,-1,-1

188,20,191.66,391.27,-175.12,-359.16,0.54,-1,-1,-1

189,20,186.87,392.91,-170.77,-361.69,0.59,-1,-1,-1

190,20,182.53,395.94,-166.76,-365.53,0.54,-1,-1,-1

191,20,178.90,399.11,-163.19,-369.02,0.18,-1,-1,-1

192,20,174.76,401.89,-160.30,-374.58,0.35,-1,-1,-1

193,20,171.43,406.80,-156.96,-379.65,0.26,-1,-1,-1

194,20,168.99,412.04,-154.31,-384.61,0.32,-1,-1,-1

195,0,116.18,321.08,-64.24,-251.14,0.20,-1,-1,-1
195,0,168.47,420.03,-152.98,-392.50,0.19,-1,-1,-1
195,0,52.28,70.68,-25.61,-40.46,0.18,-1,-1,-1
195,0,425.89,297.53,-345.80,-224.46,0.23,-1,-1,-1
195,0,343.32,302.36,-270.56,-233.26,0.16,-1,-1,-1
195,0,287.69,821.01,-282.31,-809.55,0.15,-1,-1,-1

196,0,338.49,306.64,-268.47,-238.13,0.47,-1,-1,-1
196,0,47.50,82.78,-19.78,-47.43,0.26,-1,-1,-1
196,0,115.16,327.29,-61.88,-256.05,0.21,-1,-1,-1
196,0,167.63,425.06,-151.17,-399.59,0.32,-1,-1,-1
196,0,416.00,301.01,-332.59,-227.53,0.18,-1,-1,-1
196,0,106.28,499.78,-102.00,-492.45,0.13,-1,-1,-1
196,0,332.84,561.83,-325.43,-550.28,0.11,-1,-1,-1
196,0,291.38,820.99,-286.88,-810.58,0.13,-1,-1,-1

197,0,415.65,304.66,-340.05,-232.21,0.41,-1,-1,-1
197,0,45.33,94.37,-17.11,-57.73,0.17,-1,-1,-1
197,0,336.15,310.88,-266.81,-247.22,0.27,-1,-1,-1
197,0,113.88,336.96,-63.31,-268.92,0.19,-1,-1,-1
197,0,295.46,823.70,-291.03,-813.01,0.13,-1,-1,-1

198,0,413.01,308.14,-337.00,-233.90,0.44,-1,-1,-1
198,0,55.63,195.39,52.55,-91.39,0.17,-1,-1,-1
198,0,339.74,317.93,-261.13,-255.77,0.10,-1,-1,-1
198,0,113.73,344.08,-64.81,-277.19,0.10,-1,-1,-1
198,0,299.40,823.88,-295.04,-813.28,0.18,-1,-1,-1
198,0,334.33,317.30,-266.65,-252.36,0.13,-1,-1,-1
198,0,299.45,823.59,-294.49,-812.03,0.19,-1,-1,-1

199,0,411.56,311.70,-336.89,-239.18,0.33,-1,-1,-1
199,0,114.88,348.38,-64.80,-279.24,0.19,-1,-1,-1
199,0,55.90,199.49,52.69,-105.69,0.18,-1,-1,-1
199,0,335.98,566.40,-328.53,-553.17,0.11,-1,-1,-1
199,0,304.80,822.99,-300.81,-812.53,0.16,-1,-1,-1

200,0,475.07,36.37,-468.82,-8.10,0.15,-1,-1,-1
200,0,409.37,316.43,-334.21,-246.90,0.14,-1,-1,-1
200,0,338.57,567.24,-330.25,-551.19,0.11,-1,-1,-1

201,0,408.69,318.86,-335.15,-249.83,0.15,-1,-1,-1
201,0,121.46,522.53,-116.91,-515.08,0.12,-1,-1,-1
201,0,119.10,359.36,-70.85,-292.46,0.10,-1,-1,-1

202,0,336.47,331.02,-268.43,-266.02,0.16,-1,-1,-1
202,0,124.52,363.83,-75.66,-297.46,0.10,-1,-1,-1

203,0,127.45,365.03,-78.98,-302.84,0.22,-1,-1,-1
203,0,410.03,322.56,-341.91,-263.04,0.14,-1,-1,-1
203,0,50.59,151.61,-27.23,-123.65,0.17,-1,-1,-1
203,0,337.46,332.59,-272.86,-270.34,0.23,-1,-1,-1

204,0,130.75,367.45,-82.74,-304.39,0.22,-1,-1,-1
204,0,338.24,333.03,-274.57,-270.23,0.31,-1,-1,-1
204,0,187.10,450.05,-170.13,-426.79,0.19,-1,-1,-1

205,0,341.19,332.13,-278.26,-268.21,0.36,-1,-1,-1
205,0,135.80,367.37,-87.54,-304.42,0.20,-1,-1,-1
205,0,191.16,450.23,-173.36,-429.97,0.14,-1,-1,-1
205,0,58.02,163.28,-34.49,-140.28,0.14,-1,-1,-1
205,0,139.70,522.82,-135.24,-516.00,0.13,-1,-1,-1
205,0,328.02,329.11,-240.71,-262.40,0.11,-1,-1,-1

206,0,343.93,332.62,-279.53,-270.22,0.32,-1,-1,-1
206,0,61.38,166.96,-37.33,-140.61,0.24,-1,-1,-1
206,0,414.17,323.14,-342.44,-264.98,0.13,-1,-1,-1
206,0,140.53,367.57,-93.12,-305.04,0.25,-1,-1,-1
206,0,209.16,470.07,-204.86,-462.06,0.12,-1,-1,-1
206,0,146.15,520.63,-141.22,-513.38,0.11,-1,-1,-1

207,0,346.61,331.90,-284.08,-271.89,0.32,-1,-1,-1
207,0,415.38,321.92,-344.80,-264.58,0.14,-1,-1,-1
207,0,206.46,162.63,-195.51,-152.32,0.12,-1,-1,-1
207,0,68.00,169.63,-46.59,-148.97,0.17,-1,-1,-1
207,0,145.81,367.55,-98.10,-306.45,0.24,-1,-1,-1
207,0,269.62,31.33,-264.84,-22.57,0.13,-1,-1,-1

208,0,72.99,173.27,-51.67,-148.58,0.43,-1,-1,-1
208,0,150.52,366.09,-104.31,-305.83,0.27,-1,-1,-1
208,0,418.97,319.36,-351.73,-264.39,0.13,-1,-1,-1
208,0,205.95,444.72,-190.66,-425.04,0.19,-1,-1,-1
208,0,349.18,331.40,-286.56,-271.93,0.27,-1,-1,-1
208,0,173.62,48.97,-167.07,-37.87,0.12,-1,-1,-1

209,0,74.28,173.86,-54.23,-149.91,0.34,-1,-1,-1
209,0,209.59,441.45,-195.14,-420.13,0.17,-1,-1,-1
209,0,420.19,316.09,-356.03,-262.21,0.13,-1,-1,-1
209,0,337.83,145.72,-329.04,-136.77,0.10,-1,-1,-1
209,0,270.47,179.19,-265.12,-172.25,0.12,-1,-1,-1
209,0,154.63,366.68,-107.74,-307.55,0.20,-1,-1,-1
209,0,351.51,328.67,-290.10,-270.24,0.19,-1,-1,-1

210,0,76.76,175.29,-55.25,-154.20,0.24,-1,-1,-1
210,0,420.45,312.34,-355.32,-254.29,0.18,-1,-1,-1
210,0,211.82,437.82,-195.76,-416.41,0.18,-1,-1,-1
210,0,4.05,417.12,3.54,-401.98,0.13,-1,-1,-1
210,0,156.30,365.05,-110.21,-306.95,0.25,-1,-1,-1
210,0,271.05,178.86,-266.12,-171.73,0.11,-1,-1,-1
210,0,352.42,325.62,-291.55,-268.11,0.15,-1,-1,-1

211,0,420.61,310.95,-355.56,-252.37,0.21,-1,-1,-1
211,0,78.94,177.43,-58.15,-157.90,0.18,-1,-1,-1
211,0,157.97,362.22,-113.86,-309.18,0.15,-1,-1,-1
211,0,336.21,141.17,-325.95,-131.62,0.11,-1,-1,-1
211,0,214.04,435.43,-199.41,-416.26,0.15,-1,-1,-1
211,0,271.21,179.78,-266.32,-173.06,0.12,-1,-1,-1
211,0,352.68,323.37,-293.26,-268.18,0.11,-1,-1,-1

212,0,420.10,309.17,-354.50,-251.53,0.24,-1,-1,-1
212,0,80.55,179.45,-60.37,-162.39,0.18,-1,-1,-1
212,0,10.46,415.33,0.44,-401.81,0.18,-1,-1,-1
212,0,160.26,362.63,-114.08,-305.92,0.20,-1,-1,-1
212,0,215.60,433.63,-200.67,-413.50,0.11,-1,-1,-1
212,0,11.45,200.75,-4.49,-189.69,0.10,-1,-1,-1

213,0,419.63,308.94,-353.82,-250.46,0.21,-1,-1,-1
213,0,82.30,181.55,-61.90,-163.80,0.24,-1,-1,-1
213,0,11.56,400.91,9.38,-354.94,0.22,-1,-1,-1
213,0,11.96,414.18,4.01,-397.91,0.19,-1,-1,-1
213,0,217.06,431.82,-201.56,-411.54,0.12,-1,-1,-1
213,0,27.60,74.54,-20.10,-64.58,0.12,-1,-1,-1
213,0,161.89,362.33,-115.44,-305.74,0.18,-1,-1,-1
213,0,353.32,320.09,-294.41,-270.21,0.14,-1,-1,-1
213,0,353.04,319.72,-294.78,-269.13,0.10,-1,-1,-1

214,0,12.47,401.39,11.42,-349.37,0.26,-1,-1,-1
214,0,417.85,308.62,-351.71,-251.15,0.18,-1,-1,-1
214,0,218.32,430.61,-203.20,-409.64,0.19,-1,-1,-1
214,0,83.23,183.40,-63.53,-162.68,0.16,-1,-1,-1
214,0,314.38,32.81,-305.95,-23.23,0.10,-1,-1,-1
214,0,12.23,411.67,8.80,-383.94,0.12,-1,-1,-1
214,0,163.06,362.06,-117.06,-307.92,0.11,-1,-1,-1
214,0,163.15,363.09,-117.34,-307.74,0.18,-1,-1,-1

215,0,12.13,402.57,11.30,-349.12,0.23,-1,-1,-1
215,0,82.14,188.85,-61.39,-168.05,0.32,-1,-1,-1
215,0,414.76,308.47,-348.70,-249.39,0.22,-1,-1,-1
215,0,218.66,430.27,-203.36,-408.44,0.13,-1,-1,-1
215,0,163.21,363.26,-117.88,-310.54,0.20,-1,-1,-1
215,0,12.34,402.39,11.44,-348.10,0.19,-1,-1,-1
215,0,330.94,154.24,-320.64,-142.91,0.11,-1,-1,-1
215,0,268.48,187.10,-262.46,-179.56,0.10,-1,-1,-1

216,0,11.71,405.51,11.16,-354.82,0.27,-1,-1,-1
216,0,411.24,308.47,-345.85,-249.05,0.27,-1,-1,-1
216,0,217.07,431.64,-201.28,-411.52,0.16,-1,-1,-1
216,0,376.03,139.52,-366.33,-127.91,0.13,-1,-1,-1
216,0,79.69,193.05,-59.14,-172.21,0.18,-1,-1,-1
216,0,162.11,365.20,-115.81,-310.18,0.20,-1,-1,-1
216,0,356.98,33.86,-349.27,-20.26,0.16,-1,-1,-1
216,0,162.11,365.52,-115.91,-309.44,0.19,-1,-1,-1
216,0,300.66,51.95,-289.44,-44.01,0.13,-1,-1,-1
216,0,299.20,50.02,-285.71,-40.31,0.11,-1,-1,-1

217,0,10.73,416.49,6.41,-385.43,0.16,-1,-1,-1
217,0,75.09,195.56,-54.44,-170.59,0.24,-1,-1,-1
217,0,408.58,309.83,-341.32,-251.95,0.18,-1,-1,-1
217,0,215.47,432.60,-199.26,-414.15,0.16,-1,-1,-1
217,0,342.81,324.28,-287.00,-273.73,0.18,-1,-1,-1
217,0,10.53,409.34,8.99,-364.93,0.18,-1,-1,-1
217,0,159.62,366.90,-115.48,-312.01,0.11,-1,-1,-1

218,0,72.47,199.77,-50.61,-174.56,0.30,-1,-1,-1
218,0,9.99,422.68,6.75,-393.63,0.19,-1,-1,-1
218,0,212.80,433.68,-198.33,-415.49,0.22,-1,-1,-1
218,0,254.44,102.76,-242.79,-93.44,0.14,-1,-1,-1
218,0,207.87,164.45,-198.56,-155.59,0.15,-1,-1,-1
218,0,156.34,369.99,-111.70,-314.28,0.17,-1,-1,-1
218,0,349.03,76.32,-334.26,-65.56,0.10,-1,-1,-1
218,0,338.06,326.65,-281.85,-272.73,0.15,-1,-1,-1
218,0,401.75,313.01,-339.52,-254.64,0.11,-1,-1,-1

219,0,66.60,204.61,-44.43,-182.17,0.15,-1,-1,-1
219,0,450.34,54.57,-433.59,-42.05,0.13,-1,-1,-1
219,0,209.28,435.14,-194.26,-417.51,0.13,-1,-1,-1
219,0,151.80,372.19,-106.77,-316.85,0.12,-1,-1,-1
219,0,333.80,328.84,-278.61,-272.68,0.17,-1,-1,-1
219,0,8.22,427.23,3.38,-410.18,0.11,-1,-1,-1

220,0,61.91,208.76,-40.36,-186.08,0.36,-1,-1,-1
220,0,205.48,437.91,-190.54,-419.83,0.23,-1,-1,-1
220,0,351.24,145.11,-337.31,-133.68,0.11,-1,-1,-1
220,0,191.61,184.64,-182.00,-173.45,0.15,-1,-1,-1
220,0,191.53,187.93,-179.62,-178.46,0.11,-1,-1,-1
220,0,148.31,375.66,-103.80,-323.56,0.15,-1,-1,-1
220,0,328.59,333.36,-271.83,-277.62,0.10,-1,-1,-1
220,0,390.04,316.36,-329.67,-260.24,0.13,-1,-1,-1

221,0,324.13,334.92,-268.54,-282.16,0.18,-1,-1,-1
221,0,201.58,440.71,-185.66,-423.16,0.22,-1,-1,-1
221,0,188.85,179.86,-179.09,-169.78,0.18,-1,-1,-1
221,0,188.94,179.74,-178.91,-169.83,0.15,-1,-1,-1
221,0,343.22,156.63,-334.41,-145.62,0.11,-1,-1,-1
221,0,58.51,213.38,-37.16,-193.77,0.18,-1,-1,-1
221,0,145.04,379.53,-100.70,-324.38,0.26,-1,-1,-1

222,0,198.52,444.01,-183.04,-427.15,0.35,-1,-1,-1
222,0,51.98,217.21,-29.98,-194.04,0.38,-1,-1,-1
222,0,184.01,183.51,-176.06,-174.95,0.22,-1,-1,-1
222,0,318.78,337.28,-264.75,-285.15,0.19,-1,-1,-1
222,0,339.01,160.45,-330.93,-149.57,0.13,-1,-1,-1
222,0,141.28,382.55,-95.85,-328.87,0.17,-1,-1,-1

223,0,195.66,446.97,-178.92,-430.43,0.35,-1,-1,-1
223,0,179.38,185.84,-171.11,-177.72,0.28,-1,-1,-1
223,0,47.08,222.54,-24.96,-201.92,0.31,-1,-1,-1
223,0,329.79,168.00,-319.73,-158.23,0.17,-1,-1,-1
223,0,469.92,298.24,-453.23,-261.57,0.10,-1,-1,-1
223,0,137.37,385.65,-92.32,-333.14,0.16,-1,-1,-1
223,0,56.31,153.76,-44.99,-142.72,0.11,-1,-1,-1
223,0,329.82,169.01,-320.81,-158.90,0.17,-1,-1,-1
223,0,462.05,153.68,-451.06,-142.79,0.12,-1,-1,-1

224,0,41.39,228.04,-17.41,-204.33,0.41,-1,-1,-1
224,0,49.31,157.39,-34.75,-145.19,0.19,-1,-1,-1
224,0,192.65,450.35,-176.72,-434.18,0.22,-1,-1,-1
224,0,409.23,82.51,-390.33,-70.87,0.14,-1,-1,-1
224,0,219.43,135.45,-207.96,-124.53,0.12,-1,-1,-1
224,0,133.67,390.70,-88.93,-334.70,0.13,-1,-1,-1
224,0,454.47,157.86,-445.61,-148.21,0.11,-1,-1,-1
224,0,310.05,343.03,-255.42,-296.53,0.12,-1,-1,-1

225,0,316.89,177.30,-306.20,-166.11,0.19,-1,-1,-1
225,0,36.30,233.88,-15.12,-212.49,0.20,-1,-1,-1
225,0,471.40,73.30,-459.55,-61.87,0.14,-1,-1,-1
225,0,42.81,162.98,-29.89,-153.41,0.14,-1,-1,-1
225,0,190.34,453.69,-174.35,-437.00,0.11,-1,-1,-1
225,0,190.37,453.69,-173.99,-437.33,0.15,-1,-1,-1

226,0,30.62,238.65,-10.99,-218.30,0.37,-1,-1,-1
226,0,187.78,456.67,-172.43,-438.83,0.19,-1,-1,-1
226,0,312.35,182.78,-304.02,-173.02,0.15,-1,-1,-1
226,0,160.69,183.96,-151.92,-175.13,0.13,-1,-1,-1
226,0,63.25,99.18,-55.93,-91.85,0.11,-1,-1,-1
226,0,126.80,398.87,-80.49,-346.68,0.13,-1,-1,-1

227,0,26.04,244.54,-6.71,-224.14,0.37,-1,-1,-1
227,0,125.40,402.01,-78.46,-348.58,0.23,-1,-1,-1
227,0,185.71,459.64,-168.78,-440.88,0.19,-1,-1,-1
227,0,158.01,210.02,-150.10,-201.73,0.14,-1,-1,-1
227,0,155.83,221.30,-147.33,-210.07,0.12,-1,-1,-1

228,0,23.63,250.72,-2.08,-227.69,0.45,-1,-1,-1
228,0,186.03,463.69,-169.13,-445.58,0.35,-1,-1,-1
228,0,297.80,357.45,-244.66,-305.52,0.12,-1,-1,-1
228,0,151.08,230.26,-143.17,-221.33,0.16,-1,-1,-1
228,0,124.19,405.63,-78.59,-355.98,0.17,-1,-1,-1
228,0,462.59,422.51,-454.98,-411.68,0.10,-1,-1,-1
228,0,150.83,231.68,-142.89,-223.03,0.11,-1,-1,-1

229,0,186.29,467.08,-169.37,-450.10,0.32,-1,-1,-1
229,0,20.53,256.18,0.47,-233.52,0.19,-1,-1,-1
229,0,151.33,219.02,-144.14,-210.65,0.14,-1,-1,-1
229,0,20.57,256.21,0.57,-233.46,0.15,-1,-1,-1
229,0,297.17,361.02,-243.72,-309.39,0.11,-1,-1,-1
229,0,152.15,218.76,-143.58,-210.21,0.11,-1,-1,-1
229,0,461.93,423.68,-453.96,-413.23,0.11,-1,-1,-1

230,0,17.98,261.58,4.93,-235.49,0.19,-1,-1,-1
230,0,187.08,469.63,-168.31,-453.27,0.21,-1,-1,-1
230,0,296.79,363.73,-243.43,-316.94,0.10,-1,-1,-1

231,0,15.57,266.90,1.93,-246.32,0.28,-1,-1,-1
231,0,189.22,472.72,-172.54,-457.05,0.17,-1,-1,-1
231,0,470.68,150.00,-459.92,-138.09,0.10,-1,-1,-1
231,0,460.46,426.14,-453.61,-416.54,0.10,-1,-1,-1

232,0,191.58,475.76,-176.92,-461.99,0.15,-1,-1,-1
232,0,14.36,272.53,2.49,-250.98,0.13,-1,-1,-1
232,0,455.68,829.99,-415.05,-788.79,0.11,-1,-1,-1
232,0,460.98,426.23,-453.92,-416.44,0.11,-1,-1,-1

233,0,194.77,477.89,-178.33,-461.59,0.21,-1,-1,-1
233,0,14.79,277.41,2.00,-257.10,0.15,-1,-1,-1

234,0,199.03,479.60,-181.77,-464.83,0.21,-1,-1,-1
234,0,15.30,284.80,1.58,-264.96,0.15,-1,-1,-1

235,0,204.56,482.20,-187.09,-465.28,0.22,-1,-1,-1
235,0,459.25,78.94,-449.61,-68.72,0.13,-1,-1,-1
235,0,16.75,289.20,0.46,-270.79,0.19,-1,-1,-1
235,0,451.54,74.14,-438.51,-65.51,0.11,-1,-1,-1

236,0,209.20,483.38,-192.36,-467.67,0.53,-1,-1,-1
236,0,18.06,294.76,1.60,-275.96,0.23,-1,-1,-1
236,0,438.36,74.72,-428.06,-67.26,0.18,-1,-1,-1
236,0,442.58,75.75,-431.04,-68.41,0.12,-1,-1,-1

237,0,213.27,484.11,-194.62,-469.25,0.37,-1,-1,-1
237,0,20.07,298.80,-0.80,-278.66,0.18,-1,-1,-1
237,0,474.83,202.73,-468.94,-193.53,0.13,-1,-1,-1

238,0,217.45,484.78,-198.19,-469.60,0.44,-1,-1,-1
238,0,21.06,303.28,-3.09,-280.35,0.17,-1,-1,-1

239,0,220.35,485.51,-200.00,-470.01,0.41,-1,-1,-1
239,0,22.01,308.29,-4.15,-287.24,0.17,-1,-1,-1
239,0,202.11,182.92,-190.77,-173.89,0.10,-1,-1,-1
239,0,186.42,24.71,-178.80,-11.80,0.11,-1,-1,-1

240,0,223.40,485.28,-201.75,-469.50,0.43,-1,-1,-1
240,0,13.56,514.16,5.13,-495.38,0.24,-1,-1,-1
240,0,341.88,160.37,-331.46,-150.68,0.10,-1,-1,-1
240,0,21.69,311.37,-4.23,-292.41,0.14,-1,-1,-1

241,0,225.72,486.41,-205.82,-470.77,0.46,-1,-1,-1
241,0,13.26,516.05,9.34,-483.77,0.25,-1,-1,-1
241,0,13.37,518.19,7.88,-495.51,0.14,-1,-1,-1
241,0,133.67,432.78,-120.62,-416.72,0.16,-1,-1,-1
241,0,20.82,314.91,-3.15,-295.01,0.16,-1,-1,-1
241,0,11.92,509.18,10.33,-459.56,0.19,-1,-1,-1

242,0,227.63,487.31,-206.18,-471.10,0.57,-1,-1,-1
242,0,13.91,516.67,10.86,-478.56,0.12,-1,-1,-1
242,0,135.11,434.90,-121.68,-419.19,0.13,-1,-1,-1
242,0,14.58,521.11,7.64,-499.42,0.18,-1,-1,-1
242,0,473.86,418.76,-465.01,-407.35,0.16,-1,-1,-1
242,0,19.21,318.87,-1.69,-298.94,0.19,-1,-1,-1
242,0,184.69,369.34,-169.91,-356.82,0.13,-1,-1,-1
242,0,208.85,5.57,-204.37,2.58,0.11,-1,-1,-1
242,0,12.86,513.80,10.96,-467.00,0.19,-1,-1,-1
242,0,460.11,208.05,-451.26,-199.17,0.11,-1,-1,-1

243,0,227.39,488.11,-205.98,-470.74,0.56,-1,-1,-1
243,0,14.48,523.20,12.01,-494.72,0.22,-1,-1,-1
243,0,235.46,139.61,-227.87,-131.73,0.16,-1,-1,-1
243,0,181.02,372.98,-165.77,-360.93,0.19,-1,-1,-1
243,0,16.50,323.17,1.30,-298.34,0.20,-1,-1,-1
243,0,453.28,209.81,-443.11,-200.00,0.11,-1,-1,-1

244,0,226.52,489.10,-206.35,-472.00,0.53,-1,-1,-1
244,0,340.01,57.31,-327.99,-49.46,0.17,-1,-1,-1
244,0,401.99,32.76,-391.36,-22.90,0.11,-1,-1,-1
244,0,13.70,528.29,10.97,-490.03,0.17,-1,-1,-1
244,0,11.77,326.61,3.06,-306.03,0.14,-1,-1,-1
244,0,93.52,23.47,-84.09,-12.65,0.14,-1,-1,-1
244,0,448.69,207.67,-438.82,-198.26,0.10,-1,-1,-1
244,0,179.89,374.54,-167.87,-363.46,0.14,-1,-1,-1
244,0,461.76,320.10,-440.75,-295.31,0.19,-1,-1,-1
244,0,13.61,530.20,8.80,-506.78,0.13,-1,-1,-1
244,0,3.82,29.77,3.52,-18.63,0.11,-1,-1,-1
244,0,96.33,25.33,-84.58,-14.76,0.11,-1,-1,-1
244,0,93.14,23.44,-86.27,-15.45,0.13,-1,-1,-1
244,0,211.83,23.87,-206.25,-15.65,0.11,-1,-1,-1
244,0,3.40,22.26,4.50,-13.69,0.11,-1,-1,-1
244,0,337.51,56.77,-323.49,-48.39,0.11,-1,-1,-1
244,0,212.04,24.43,-205.80,-13.57,0.11,-1,-1,-1

245,0,224.56,491.62,-204.62,-474.82,0.62,-1,-1,-1
245,0,7.81,332.23,7.27,-306.76,0.16,-1,-1,-1
245,0,457.91,319.44,-441.27,-296.16,0.27,-1,-1,-1
245,0,12.66,528.76,10.88,-488.25,0.21,-1,-1,-1
245,0,313.16,171.41,-304.96,-162.37,0.12,-1,-1,-1
245,0,170.89,382.60,-158.11,-370.03,0.12,-1,-1,-1

246,21,222.43,493.44,-203.39,-477.42,0.65,-1,-1,-1

247,21,218.60,495.62,-199.68,-479.73,0.66,-1,-1,-1

248,21,213.85,498.23,-195.56,-482.95,0.60,-1,-1,-1

249,21,209.14,500.90,-191.75,-486.44,0.67,-1,-1,-1

250,21,204.03,504.14,-185.16,-488.58,0.69,-1,-1,-1

251,21,199.68,508.23,-179.77,-491.86,0.59,-1,-1,-1

252,21,194.63,512.44,-174.60,-496.03,0.61,-1,-1,-1

253,21,190.95,517.40,-172.60,-502.70,0.59,-1,-1,-1

254,21,188.33,522.21,-169.80,-507.57,0.36,-1,-1,-1

255,21,184.86,528.20,-164.28,-512.08,0.62,-1,-1,-1

256,21,182.44,532.60,-160.11,-515.16,0.62,-1,-1,-1

257,21,181.61,536.74,-159.36,-519.61,0.68,-1,-1,-1

258,21,182.76,541.44,-161.68,-525.37,0.54,-1,-1,-1

259,21,184.13,546.29,-161.34,-528.99,0.67,-1,-1,-1

260,21,186.75,550.68,-163.05,-532.86,0.69,-1,-1,-1

261,21,188.68,554.12,-164.22,-535.71,0.68,-1,-1,-1

262,21,190.54,558.23,-167.40,-541.11,0.66,-1,-1,-1

263,21,192.61,561.98,-170.75,-546.23,0.61,-1,-1,-1

264,21,194.26,565.98,-172.47,-550.53,0.72,-1,-1,-1

265,21,195.64,569.54,-172.00,-552.86,0.66,-1,-1,-1

266,21,196.96,572.69,-171.90,-554.99,0.67,-1,-1,-1

267,21,198.17,575.09,-171.67,-556.30,0.64,-1,-1,-1

268,21,199.82,577.70,-173.70,-559.07,0.67,-1,-1,-1

269,21,201.04,579.76,-176.18,-562.12,0.71,-1,-1,-1

270,21,203.21,581.55,-180.10,-565.38,0.70,-1,-1,-1

271,21,205.20,582.98,-182.66,-567.39,0.71,-1,-1,-1

272,21,207.57,584.11,-185.81,-569.27,0.69,-1,-1,-1

273,21,211.10,584.20,-189.39,-569.57,0.66,-1,-1,-1

274,21,214.95,584.15,-192.89,-569.50,0.61,-1,-1,-1

275,21,219.09,584.18,-196.28,-569.17,0.67,-1,-1,-1

276,21,224.11,583.55,-200.40,-567.96,0.62,-1,-1,-1

277,21,228.80,582.67,-205.81,-567.73,0.64,-1,-1,-1

278,21,234.24,582.51,-210.66,-567.27,0.65,-1,-1,-1

279,21,239.54,581.33,-214.79,-565.19,0.54,-1,-1,-1

280,21,245.18,580.09,-220.11,-563.75,0.66,-1,-1,-1

281,0,437.55,234.69,-422.39,-221.47,0.32,-1,-1,-1
281,0,437.58,234.76,-422.32,-220.61,0.38,-1,-1,-1
281,0,350.89,240.82,-343.73,-229.43,0.18,-1,-1,-1
281,0,126.85,185.08,-116.04,-176.32,0.16,-1,-1,-1
281,0,251.18,574.91,-227.50,-557.88,0.44,-1,-1,-1
281,0,390.22,197.58,-379.08,-185.60,0.14,-1,-1,-1
281,0,423.57,75.46,-411.34,-66.38,0.12,-1,-1,-1
281,0,233.81,43.25,-214.44,-29.32,0.14,-1,-1,-1
281,0,131.81,180.66,-118.47,-171.37,0.13,-1,-1,-1
281,0,86.79,224.48,-76.27,-215.76,0.11,-1,-1,-1
281,0,141.42,31.70,-125.43,-19.95,0.10,-1,-1,-1
281,0,459.70,246.35,-443.14,-232.32,0.10,-1,-1,-1
281,0,125.13,187.66,-114.47,-177.73,0.11,-1,-1,-1

282,0,432.72,231.86,-415.90,-216.57,0.41,-1,-1,-1
282,0,255.71,573.04,-229.49,-555.39,0.44,-1,-1,-1
282,0,346.72,239.12,-338.31,-226.74,0.15,-1,-1,-1
282,0,467.27,278.50,-445.20,-225.14,0.11,-1,-1,-1
282,0,186.04,266.95,-176.04,-257.10,0.14,-1,-1,-1
282,0,215.66,219.05,-201.02,-207.06,0.12,-1,-1,-1
282,0,142.29,29.12,-129.21,-19.01,0.12,-1,-1,-1
282,0,137.33,30.82,-118.14,-20.84,0.12,-1,-1,-1
282,0,412.01,247.01,-402.48,-236.73,0.10,-1,-1,-1
282,0,2.93,449.20,3.46,-437.57,0.11,-1,-1,-1
282,0,457.80,243.09,-442.70,-229.47,0.11,-1,-1,-1

283,0,261.12,570.31,-236.69,-553.88,0.47,-1,-1,-1
283,0,428.96,228.11,-410.69,-213.21,0.21,-1,-1,-1
283,0,343.29,236.66,-334.28,-224.06,0.17,-1,-1,-1
283,0,451.21,240.05,-437.45,-225.30,0.12,-1,-1,-1
283,0,467.84,192.30,-447.82,-108.53,0.10,-1,-1,-1

284,0,264.35,567.20,-239.29,-551.29,0.60,-1,-1,-1
284,0,423.91,224.69,-408.46,-212.10,0.32,-1,-1,-1
284,0,339.34,236.75,-329.75,-226.26,0.18,-1,-1,-1
284,0,17.30,32.43,-4.50,-20.70,0.16,-1,-1,-1
284,0,447.25,237.63,-434.73,-221.94,0.16,-1,-1,-1
284,0,359.46,32.95,-345.48,-22.31,0.13,-1,-1,-1
284,0,108.93,33.89,-88.89,-21.81,0.12,-1,-1,-1
284,0,328.59,143.63,-316.02,-130.25,0.11,-1,-1,-1
284,0,297.26,172.84,-284.52,-160.01,0.11,-1,-1,-1
284,0,313.41,159.38,-271.35,-127.57,0.11,-1,-1,-1
284,0,107.40,34.66,-89.89,-23.64,0.11,-1,-1,-1

285,0,266.20,565.79,-240.56,-550.24,0.56,-1,-1,-1
285,0,417.13,224.01,-405.30,-212.86,0.21,-1,-1,-1
285,0,264.79,244.44,-250.64,-229.35,0.16,-1,-1,-1
285,0,417.66,224.09,-403.38,-211.83,0.15,-1,-1,-1
285,0,3.59,99.43,4.63,-89.25,0.13,-1,-1,-1
285,0,348.23,31.77,-334.25,-21.60,0.14,-1,-1,-1
285,0,334.38,231.42,-324.51,-220.43,0.15,-1,-1,-1
285,0,323.54,315.84,-305.52,-294.51,0.10,-1,-1,-1
285,0,287.71,173.54,-277.05,-161.64,0.13,-1,-1,-1
285,0,3.02,454.40,3.51,-444.20,0.10,-1,-1,-1
285,0,439.77,233.54,-427.12,-219.54,0.14,-1,-1,-1

286,0,268.52,562.85,-243.59,-547.59,0.52,-1,-1,-1
286,0,192.87,217.76,-178.55,-207.60,0.21,-1,-1,-1
286,0,326.76,232.89,-316.10,-221.94,0.20,-1,-1,-1
286,0,411.01,220.73,-398.47,-207.49,0.16,-1,-1,-1
286,0,434.70,230.07,-421.37,-218.05,0.15,-1,-1,-1
286,0,171.09,280.28,-160.69,-269.44,0.14,-1,-1,-1
286,0,302.38,284.07,-292.37,-263.12,0.13,-1,-1,-1
286,0,100.41,742.23,-90.09,-727.30,0.12,-1,-1,-1
286,0,336.06,32.31,-322.14,-22.27,0.14,-1,-1,-1
286,0,73.88,261.43,-64.48,-250.49,0.11,-1,-1,-1
286,0,16.00,423.53,-6.17,-414.47,0.12,-1,-1,-1
286,0,281.91,173.59,-271.08,-161.08,0.11,-1,-1,-1
286,0,390.44,241.26,-380.21,-231.61,0.11,-1,-1,-1
286,0,100.54,743.56,-90.61,-727.46,0.12,-1,-1,-1

287,0,269.24,562.01,-243.78,-547.85,0.56,-1,-1,-1
287,0,397.63,291.88,-266.49,-224.37,0.12,-1,-1,-1
287,0,405.25,219.98,-393.79,-207.97,0.23,-1,-1,-1
287,0,405.85,220.17,-392.32,-208.10,0.13,-1,-1,-1
287,0,468.16,263.94,-448.11,-223.19,0.13,-1,-1,-1
287,0,66.21,264.57,-55.99,-253.22,0.15,-1,-1,-1
287,0,427.85,228.27,-414.28,-215.24,0.12,-1,-1,-1
287,0,325.72,32.54,-314.13,-22.76,0.13,-1,-1,-1
287,0,43.29,22.18,-30.62,-13.57,0.11,-1,-1,-1
287,0,4.51,195.28,4.49,-183.76,0.11,-1,-1,-1
287,0,273.53,173.99,-261.69,-160.39,0.11,-1,-1,-1
287,0,42.81,22.43,-29.50,-11.47,0.10,-1,-1,-1
287,0,322.17,232.58,-312.75,-221.13,0.13,-1,-1,-1
287,0,107.29,742.35,-96.87,-726.95,0.15,-1,-1,-1
287,0,469.38,260.77,-451.55,-216.45,0.12,-1,-1,-1
287,0,383.20,283.67,-243.90,-194.56,0.11,-1,-1,-1

288,0,270.01,561.88,-244.55,-548.06,0.61,-1,-1,-1
288,0,398.95,216.39,-384.61,-199.70,0.23,-1,-1,-1
288,0,6.75,130.97,5.93,-116.37,0.15,-1,-1,-1
288,0,59.66,267.31,-48.60,-254.94,0.14,-1,-1,-1
288,0,66.54,49.58,-45.17,-37.21,0.11,-1,-1,-1
288,0,318.43,31.03,-308.55,-22.26,0.13,-1,-1,-1
288,0,76.63,69.42,-63.03,-55.78,0.11,-1,-1,-1
288,0,421.98,227.50,-410.20,-215.11,0.10,-1,-1,-1
288,0,137.51,329.61,-129.83,-319.86,0.10,-1,-1,-1
288,0,317.25,792.04,-312.54,-783.55,0.12,-1,-1,-1
288,0,382.51,283.99,-240.54,-200.99,0.12,-1,-1,-1

289,22,270.22,561.91,-243.35,-547.31,0.56,-1,-1,-1

290,22,270.87,562.50,-244.34,-548.07,0.54,-1,-1,-1

291,22,271.68,563.87,-244.79,-549.21,0.58,-1,-1,-1

292,22,272.30,564.70,-246.12,-550.38,0.66,-1,-1,-1

293,22,273.09,566.08,-246.50,-551.47,0.61,-1,-1,-1

294,22,274.02,569.13,-247.17,-554.29,0.60,-1,-1,-1

295,22,274.80,571.54,-248.02,-556.68,0.50,-1,-1,-1

296,22,275.92,574.90,-248.37,-559.45,0.66,-1,-1,-1

297,22,277.43,579.80,-251.54,-565.31,0.66,-1,-1,-1

298,22,279.67,584.14,-254.29,-569.90,0.66,-1,-1,-1

299,22,282.29,589.19,-255.58,-574.06,0.70,-1,-1,-1

300,22,285.07,593.96,-255.50,-576.92,0.64,-1,-1,-1

301,22,286.88,599.77,-258.21,-583.10,0.22,-1,-1,-1

302,22,288.92,605.80,-261.70,-589.95,0.24,-1,-1,-1

303,22,289.99,610.09,-262.31,-593.89,0.38,-1,-1,-1

304,22,290.94,613.80,-263.26,-597.53,0.31,-1,-1,-1

305,22,291.24,617.75,-260.06,-599.07,0.32,-1,-1,-1

306,22,290.15,621.12,-259.39,-602.40,0.54,-1,-1,-1

307,22,286.96,623.41,-255.96,-604.21,0.50,-1,-1,-1

308,22,282.68,625.38,-252.25,-606.30,0.55,-1,-1,-1

309,0,274.99,625.68,-250.97,-609.04,0.43,-1,-1,-1
309,0,77.67,285.34,-66.42,-275.93,0.13,-1,-1,-1
309,0,81.60,162.35,-65.11,-150.18,0.13,-1,-1,-1

310,0,270.31,626.07,-244.77,-609.31,0.48,-1,-1,-1
310,0,68.55,161.68,-52.32,-150.09,0.18,-1,-1,-1
310,0,82.93,220.76,-66.95,-209.01,0.11,-1,-1,-1

311,0,264.62,626.49,-236.61,-609.17,0.38,-1,-1,-1

312,0,7.53,559.54,7.70,-489.28,0.12,-1,-1,-1


314,0,10.42,162.90,1.80,-149.27,0.12,-1,-1,-1
314,0,11.29,162.36,-0.34,-149.95,0.12,-1,-1,-1

315,0,2.54,159.62,2.86,-146.72,0.16,-1,-1,-1
315,0,247.78,613.45,-222.02,-594.87,0.14,-1,-1,-1
315,0,21.34,217.39,-11.47,-205.70,0.10,-1,-1,-1

316,0,246.42,609.63,-220.84,-590.35,0.40,-1,-1,-1
316,0,121.06,112.87,-106.73,-100.21,0.12,-1,-1,-1
316,0,12.51,213.86,-5.37,-203.43,0.15,-1,-1,-1

317,0,246.35,604.59,-222.42,-586.44,0.36,-1,-1,-1
317,0,5.76,214.20,2.38,-201.83,0.13,-1,-1,-1

318,0,246.68,599.96,-221.27,-578.72,0.39,-1,-1,-1
318,0,3.03,212.11,2.81,-200.14,0.17,-1,-1,-1

319,0,247.94,593.37,-222.64,-574.30,0.35,-1,-1,-1

320,0,251.59,589.01,-227.54,-568.76,0.47,-1,-1,-1
320,0,95.49,97.25,-78.10,-82.39,0.15,-1,-1,-1
320,0,167.34,206.63,-153.72,-192.44,0.11,-1,-1,-1
320,0,94.56,95.79,-76.42,-80.90,0.13,-1,-1,-1

321,0,254.23,583.01,-229.04,-563.57,0.50,-1,-1,-1

322,0,258.78,578.57,-233.11,-559.08,0.52,-1,-1,-1
322,0,158.28,222.12,-146.43,-213.32,0.12,-1,-1,-1

323,0,265.62,572.38,-240.07,-552.03,0.32,-1,-1,-1
323,0,93.28,91.17,-77.98,-78.63,0.12,-1,-1,-1
323,0,194.10,197.48,-181.59,-182.59,0.11,-1,-1,-1

324,0,269.46,568.20,-243.65,-547.61,0.40,-1,-1,-1
324,0,95.01,89.38,-80.16,-76.91,0.19,-1,-1,-1
324,0,427.50,33.35,-327.06,31.20,0.11,-1,-1,-1
324,0,3.49,824.32,4.08,-798.56,0.10,-1,-1,-1
324,0,94.65,89.28,-80.51,-76.70,0.11,-1,-1,-1

325,0,276.36,562.31,-252.90,-544.15,0.50,-1,-1,-1
325,0,96.13,88.40,-82.30,-76.31,0.21,-1,-1,-1
325,0,90.64,81.04,-71.98,-65.87,0.13,-1,-1,-1
325,0,95.17,88.10,-83.62,-76.39,0.16,-1,-1,-1

326,0,282.83,556.94,-258.35,-536.97,0.43,-1,-1,-1
326,0,7.58,197.63,8.28,-178.66,0.15,-1,-1,-1
326,0,99.88,83.99,-85.74,-69.38,0.11,-1,-1,-1
326,0,100.06,84.83,-87.82,-68.15,0.18,-1,-1,-1
326,0,90.83,74.08,-71.57,-59.07,0.14,-1,-1,-1
326,0,431.35,33.30,-338.78,30.61,0.10,-1,-1,-1

327,0,289.12,551.51,-266.71,-532.56,0.67,-1,-1,-1
327,0,100.84,82.43,-88.20,-68.66,0.20,-1,-1,-1
327,0,6.91,192.99,4.56,-181.50,0.20,-1,-1,-1
327,0,432.49,30.55,-342.46,27.51,0.11,-1,-1,-1
327,0,93.06,73.99,-75.62,-61.35,0.14,-1,-1,-1
327,0,100.99,83.35,-89.99,-68.84,0.16,-1,-1,-1
327,0,40.64,760.03,-33.28,-749.20,0.11,-1,-1,-1

328,0,293.82,544.62,-271.35,-525.47,0.53,-1,-1,-1
328,0,102.47,76.82,-88.30,-64.96,0.31,-1,-1,-1
328,0,8.56,189.07,1.87,-179.70,0.13,-1,-1,-1
328,0,96.80,72.24,-82.76,-59.68,0.14,-1,-1,-1

329,0,298.46,538.96,-276.99,-520.57,0.44,-1,-1,-1
329,0,104.62,73.13,-88.17,-60.00,0.15,-1,-1,-1
329,0,105.69,73.58,-89.15,-60.90,0.11,-1,-1,-1
329,0,95.83,67.71,-80.02,-53.78,0.10,-1,-1,-1
329,0,280.20,822.32,-255.91,-766.16,0.10,-1,-1,-1

330,0,302.77,532.20,-279.58,-513.64,0.31,-1,-1,-1
330,0,105.47,71.17,-92.78,-60.00,0.11,-1,-1,-1
330,0,104.76,70.50,-92.67,-58.42,0.12,-1,-1,-1

331,0,305.81,526.58,-282.31,-509.70,0.38,-1,-1,-1
331,0,12.10,180.55,-3.91,-170.63,0.11,-1,-1,-1

332,0,305.77,521.67,-282.96,-503.89,0.14,-1,-1,-1
332,0,7.45,178.25,0.02,-168.19,0.11,-1,-1,-1
332,0,203.41,41.26,-127.88,38.73,0.13,-1,-1,-1

333,0,304.82,518.49,-283.38,-500.89,0.23,-1,-1,-1

334,0,300.97,516.25,-279.42,-499.31,0.26,-1,-1,-1
334,0,4.38,247.27,1.70,-239.15,0.18,-1,-1,-1
334,0,457.90,278.29,-441.41,-262.69,0.15,-1,-1,-1

335,0,298.26,514.34,-277.86,-496.60,0.19,-1,-1,-1
335,0,2.49,248.05,1.97,-238.99,0.11,-1,-1,-1

336,0,295.50,513.64,-271.93,-493.91,0.37,-1,-1,-1

337,0,293.43,513.85,-270.71,-494.64,0.36,-1,-1,-1
337,0,78.34,73.46,-68.12,-61.25,0.14,-1,-1,-1

338,0,73.19,76.36,-61.19,-63.96,0.25,-1,-1,-1
338,0,289.40,513.99,-268.17,-496.18,0.20,-1,-1,-1
338,0,71.79,75.27,-59.11,-62.80,0.14,-1,-1,-1

339,0,285.72,514.66,-265.08,-496.17,0.33,-1,-1,-1
339,0,69.11,78.34,-55.52,-65.27,0.11,-1,-1,-1
339,0,57.49,69.60,-43.15,-56.46,0.10,-1,-1,-1
339,0,68.82,78.33,-55.36,-65.35,0.16,-1,-1,-1

340,0,281.99,514.99,-259.05,-494.55,0.50,-1,-1,-1
340,0,63.05,82.15,-53.18,-69.73,0.11,-1,-1,-1
340,0,125.48,459.49,-115.74,-443.80,0.10,-1,-1,-1

341,0,278.80,516.78,-257.02,-499.22,0.44,-1,-1,-1
341,0,46.03,73.56,-33.92,-61.58,0.10,-1,-1,-1
341,0,54.52,79.88,-35.07,-65.72,0.10,-1,-1,-1
341,0,59.59,84.41,-46.86,-70.39,0.13,-1,-1,-1

342,0,274.88,517.02,-256.07,-500.53,0.42,-1,-1,-1
342,0,53.31,87.96,-44.97,-75.68,0.12,-1,-1,-1

343,0,272.06,519.07,-252.13,-501.75,0.44,-1,-1,-1
343,0,3.47,133.73,3.66,-120.52,0.12,-1,-1,-1

344,0,268.91,520.62,-250.59,-504.19,0.17,-1,-1,-1
344,0,5.76,488.07,5.79,-452.03,0.15,-1,-1,-1

345,0,4.37,488.07,4.65,-454.95,0.21,-1,-1,-1
345,0,467.92,430.33,-447.02,-374.25,0.11,-1,-1,-1
345,0,265.11,523.21,-246.42,-506.49,0.15,-1,-1,-1
345,0,468.51,427.12,-447.41,-363.95,0.11,-1,-1,-1

346,0,262.37,524.91,-243.58,-508.41,0.32,-1,-1,-1
346,0,2.57,488.03,3.34,-462.67,0.11,-1,-1,-1
346,0,37.74,100.20,-27.80,-89.00,0.10,-1,-1,-1

347,0,260.12,527.31,-240.31,-510.13,0.44,-1,-1,-1

348,0,257.05,530.30,-236.27,-511.60,0.42,-1,-1,-1
348,0,29.92,108.31,-22.48,-96.16,0.13,-1,-1,-1

349,0,475.27,769.72,-470.24,-757.68,0.19,-1,-1,-1
349,0,254.17,533.09,-235.42,-515.27,0.12,-1,-1,-1

350,0,251.39,534.97,-232.90,-516.22,0.27,-1,-1,-1
350,0,474.78,771.85,-470.15,-761.05,0.14,-1,-1,-1

351,0,248.71,536.70,-229.16,-518.45,0.45,-1,-1,-1
351,0,314.17,402.77,-307.76,-393.13,0.15,-1,-1,-1
351,0,19.42,115.19,-9.46,-103.94,0.10,-1,-1,-1

352,0,246.05,539.09,-225.22,-520.36,0.59,-1,-1,-1
352,0,15.30,117.82,-5.63,-107.08,0.14,-1,-1,-1
352,0,248.48,189.25,-241.05,-178.75,0.10,-1,-1,-1
352,0,15.74,118.97,-5.30,-107.73,0.11,-1,-1,-1

353,0,243.15,541.45,-223.44,-523.91,0.37,-1,-1,-1
353,0,470.52,26.94,-455.47,-4.60,0.15,-1,-1,-1
353,0,12.68,119.68,-2.83,-108.80,0.12,-1,-1,-1
353,0,307.39,405.70,-301.06,-396.10,0.12,-1,-1,-1

354,0,240.16,543.04,-221.75,-525.84,0.54,-1,-1,-1
354,0,10.77,122.05,-1.13,-109.52,0.19,-1,-1,-1
354,0,469.80,27.43,-453.27,-2.32,0.11,-1,-1,-1
354,0,285.70,340.13,-280.24,-330.31,0.11,-1,-1,-1
354,0,463.08,779.31,-458.47,-770.33,0.12,-1,-1,-1

355,0,237.63,544.88,-218.78,-527.14,0.42,-1,-1,-1
355,0,7.64,124.98,1.65,-113.99,0.13,-1,-1,-1
355,0,209.33,687.56,-204.34,-679.22,0.14,-1,-1,-1
355,0,244.89,825.56,-227.88,-780.55,0.12,-1,-1,-1
355,0,460.90,783.04,-456.91,-774.77,0.12,-1,-1,-1
355,0,475.64,816.30,-470.85,-803.01,0.11,-1,-1,-1

356,0,235.26,547.30,-215.32,-529.02,0.43,-1,-1,-1
356,0,5.45,128.80,3.49,-116.12,0.19,-1,-1,-1
356,0,208.48,690.31,-203.29,-682.26,0.11,-1,-1,-1

357,0,233.94,549.56,-213.39,-531.79,0.30,-1,-1,-1
357,0,4.19,129.69,3.14,-118.60,0.16,-1,-1,-1
357,0,447.79,515.45,-440.21,-503.02,0.11,-1,-1,-1
357,0,207.74,691.94,-202.70,-683.55,0.11,-1,-1,-1

358,0,233.13,551.49,-212.31,-533.81,0.22,-1,-1,-1
358,0,4.21,130.99,3.35,-119.97,0.11,-1,-1,-1
358,0,297.53,415.67,-292.07,-407.52,0.12,-1,-1,-1
358,0,5.59,595.28,3.98,-535.84,0.13,-1,-1,-1
358,0,13.09,163.53,-5.08,-153.98,0.12,-1,-1,-1

359,0,4.08,131.70,2.30,-121.91,0.15,-1,-1,-1
359,0,296.92,416.99,-291.23,-408.16,0.16,-1,-1,-1
359,0,449.97,111.70,-427.38,-95.17,0.14,-1,-1,-1
359,0,5.39,834.38,5.09,-809.52,0.10,-1,-1,-1
359,0,231.51,554.67,-211.74,-536.83,0.12,-1,-1,-1

360,0,4.50,833.28,4.38,-812.37,0.25,-1,-1,-1
360,0,447.24,112.58,-427.28,-96.37,0.18,-1,-1,-1
360,0,295.36,417.46,-289.97,-409.39,0.19,-1,-1,-1
360,0,3.36,133.83,1.56,-124.00,0.17,-1,-1,-1
360,0,229.47,556.06,-210.44,-535.98,0.18,-1,-1,-1
360,0,3.67,181.88,2.95,-171.81,0.10,-1,-1,-1

